00001000000010000000100000001000000010000000100000001000
00001000000010000000100000001000000010000000100000001000
19779000
0000100000001000
19779000
000010000000100000001000000010000000100000001000
19779000
0000100000001000000010000000100000001000000010000000100000001000
15699000
00001000000010000000100000001000
19779000
00001000000010000000100000001000
23529000
000010000000100000001000000010000000100000001000
000010000000100000001000000010000000100000001000
15699000
000010000000100000001000000010000000100000001000
00001000
11769000
000010000000100000001000000010000000100000001000
00001000
09908000
0000100000001000000010000000100000001000000010000000100000001000
13209000
00001000000010000000100000001000
14829000
00001000000010000000100000001000
13987000
00001000
13207000
00001000000010000000100000001000
11769000
0000100000001000
19779000
0000100000001000
23529000
0000100000001000
26407000
00001000000010000000100000001000
20949000
00001000
23529000
00001000000010000000100000001000
19779000
00001000000010000000100000001000
15699000
00001000
17619000
00001000
14829000
000010000000100000001000000010000000100000001000
00001000
15699000
000010000000100000001000000010000000100000001000
00001000
11769000
000010000000100000001000000010000000100000001000
00001000
09909000
000010000000100000001000000010000000100000001000
00001000
13209000
00001000000010000000100000001000
13989000
00001000
13209000
00001000000010000000100000001000
11769000
0000100000001000
19779000
0000100000001000
23529000
0000100000001000
26409000
00001000000010000000100000001000
20949000
00001000
23529000
00001000000010000000100000001000
19779000
00001000000010000000100000001000
15699000
00001000
17619000
00001000
14829000
000010000000100000001000000010000000100000001000
000010000000100000001000000010000000100000001000
00001000
23529000
00001000
22009000
00001000
20949000
00001000
18669000
00001000000010000000100000001000
19779000
00001000000010000000100000001000
12459000
00001000000010000000100000001000
13209000
00001000
15699000
00001000000010000000100000001000
13209000
00001000
15699000
00001000
17619000
000010000000100000001000000010000000100000001000
00001000
23529000
00001000
22009000
00001000
20949000
00001000
18669000
00001000000010000000100000001000
19779000
00002000
00002000
31389000
00001000000010000000100000001000
31389000
00001000
31389000
0000100000001000000010000000100000001000000010000000100000001000
0000100000001000000010000000100000001000000010000000100000001000
23529000
00001000
22009000
00001000
20949000
00001000
18669000
00001000000010000000100000001000
19779000
00001000000010000000100000001000
12459000
00001000
13209000
00001000
15699000
00001000000010000000100000001000
13209000
00001000
15699000
00001000
17619000
00001000
000010000000100000001000000010000000100000001000
18669000
00001000
000010000000100000001000000010000000100000001000
17619000
00001000
000010000000100000001000000010000000100000001000
15699000
000010000000100000001000000010000000100000001000000010000000100000001000
000010000000100000001000000010000000100000001000000010000000100000001000
00001000
0000100000001000000010000000100000001000000010000000100000001000
00001000$